0.16829874186971366
0.16829874186971366
0.16829874186971366
0.16829874186971366
0.16829874186971366
0.16829874186971366
0.16829874186971366
0.16829874186971366
0.16829874186971366
0.16829874186971366
0.16829874186971366
0.16861062541148159
0.16895775003132704
0.16930487465166899
0.1696519992713903
0.1699991238911116
0.17034624851145355
0.17069337313117486
0.17104049775089616
0.17138762237123817
0.17173474699095945
0.17208187161068073
0.1724289962310227
0.17277612085074401
0.17312324547046531
0.17347037009080726
0.17381749471052854
0.17416461933087052
0.1745117439505918
0.17485886856845118
0.17520599319251706
0.17555311781037647
0.17590024242823576
0.17624736705230168
0.17659449167016095
0.17694161628802035
0.17728874091208616
0.17763586552994559
0.17798299014780486
0.17833011477187077
0.1786772393897301
0.1790243640075895
0.17937148863165547
0.17971861324951466
0.18006573786737415
0.18041286249143984
0.18075998710929922
0.18110711172715863
0.18145423635122448
0.18180136096908389
0.18214848558694327
0.18249561021100918
0.18284273482886837
0.1831898594467278
0.18353698407079369
0.18388410868865299
0.18423123330651248
0.18457835793057811
0.18492548254843771
0.18527260716629687
0.18561973179036284
0.18596685640822214
0.18631398102608149
0.18666110565014732
0.18700823026800661
0.18735535488586608
0.1877024795099318
0.1880496041277912
0.18839672874565061
0.18874385336971627
0.18909097798757596
0.18943810260543498
0.18978522722950103
0.19013235184736049
0.19047947646521968
0.19082660108928551
0.19117372570714464
0.19152085032500427
0.19186797494907021
0.19221509956692956
0.19256222418478885
0.19290934880885457
0.19325647342671415
0.1936035980445735
0.19395072266863944
0.19429784728649874
0.19464497190435814
0.1949920965284237
0.19533922114628322
0.19568634576414262
0.19603347038820873
0.19638059500606775
0.1967277196239271
0.19707484424799315
0.19742196886585217
0.1977690934837118
0.19811621810777752
0.19846334272563665
0.19881046734349617
0.19915759196756211
0.19950471658542124
0.19985184120948735
0.20019896582734659
0.20054609044520638
0.20089321506927188
0.20124033968713168
0.20158746430499075
0.2019345889290563
0.20228171354691565
0.20262883816477539
0.20297596278884139
0.20332308740670063
0.20367021202455998
0.20401733664862548
0.20436446126648483
0.20471158588434474
0.20505871050841046
0.2054058351262697
0.20575295974412883
0.20610008436819477
0.2064472089860539
0.20679433360391336
0.20714145822797975
0.20748858284583888
0.20783570746369823
0.2081828320877635
0.20852995670562363
0.20887708132348254
0.20922420594754837
0.20957133056540816
0.20991845518326741
0.21026557980733324
0.21061270442519237
0.21095982904305249
0.21130695366711777
0.21165407828497668
0.21200120290283614
0.21234832752690264
0.21269545214476121
0.21304257676262123
0.21338970138668673
0.21373682600454641
0.21408395062240554
0.21443107524647137
0.21477819986433072
0.21512532448219007
0.2154724491062559
0.21581957372411514
0.21616669834197483
0.2165138229660411
0.21686094758390034
0.21720807220175936
0.21755519682582508
0.21790232144368454
0.21824944606154345
0.21859657068560895
0.21894369530346952
0.21929081992132854
0.21963794454539426
0.21998506916325372
0.22033219378111285
0.22067931840517901
0.22102644302303803
0.22137356764089727
0.22172069226496377
0.22206781688282301
0.22241494150068181
0.22276206612474797
0.22310919074260721
0.22345631536046701
0.22380343998453228
0.22415056460239152
0.22449768922025076
0.22484481384431682
0.22519193846217617
0.22553906308003607
0.22588618770410135
0.22623331232196114
0.22658043693982061
0.22692756156388633
0.22727468618174523
0.22762181079960492
0.22796893542367097
0.22831606004153032
0.22866318465938956
0.22901030928345573
0.22935743390131497
0.22970455851917387
0.23005168314324015
0.23036356668327046
0.23036356668327046
0.23036356668327046
0.23036356668327046
0.23036356668327046
0.23036356668327046
0.23036356668327046
0.23036356668327046
0.23036356668327046
0.23036356668327046
0.23036356668327046
