0.21265467987331921
0.21265467987331921
0.21265467987331921
0.21265467987331921
0.21265467987331921
0.21265467987331921
0.21265467987331921
0.21265467987331921
0.21265467987331921
0.21265467987331921
0.21265467987331921
0.21208315528996308
0.21144973818911317
0.21081932270317338
0.21019208741627221
0.20956821204751641
0.20894787740189813
0.20833126532030499
0.20771855861856581
0.20710994103552438
0.20650559718001515
0.20590571246712613
0.20531047306335098
0.20472006583069274
0.20413467826031367
0.20355449841494361
0.20297971487026828
0.20241051664517523
0.20184709314665022
0.20128963410149386
0.20073832947674325
0.20019336946140848
0.19965494433797532
0.1991232444454904
0.19859846013989818
0.19808078166869286
0.19757039913111257
0.19706750243547227
0.19657228117436826
0.19608492458214616
0.19560562148938082
0.19513456019911107
0.19467192844172038
0.19421791332678556
0.19377270122076434
0.19333647769951773
0.19290942749769263
0.19249173438835759
0.19208358113335405
0.1916851494304363
0.19129661979532669
0.19091817151012008
0.19054998256840122
0.19019222956020881
0.18984508761871305
0.18950873036355792
0.18918332978921387
0.18886905621018574
0.18856607820279342
0.18827456249744329
0.18799467392257879
0.18772657534518838
0.18747042756745808
0.18722638926974439
0.18699461695004843
0.18677526482555978
0.18656848477490445
0.18637442627684969
0.18619323631723289
0.18602505933074337
0.18587003713913225
0.1857283088640071
0.18560001086841132
0.1854852766948179
0.18538423698425638
0.18529701941796811
0.18522374865543995
0.18516454626034201
0.18511953064251502
0.1850888169963199
0.18507251723384349
0.18507073992745909
0.18508359024879556
0.18511116990960091
0.18515357710518449
0.18521090645422328
0.18528324894773923
0.18537069189364069
0.18547331885765778
0.18559120962080117
0.18572444012526906
0.18587308241674633
0.18603720461073253
0.18621687084002897
0.18641214119867527
0.18662307171745757
0.18684971431323832
0.18709211673472942
0.18735032254752176
0.18762437108545099
0.18791429739845661
0.18822013225300377
0.18854190205765203
0.18887962886929816
0.18923333034840079
0.18960301971074994
0.18998870573914567
0.19039039274118236
0.19080808050361192
0.19124176431441914
0.19169143492330637
0.19215707849884839
0.19263867666109374
0.19313620644492208
0.19364964026011072
0.19417894593460777
0.19472408668087254
0.19528502105900275
0.1958617030307343
0.1964540819288973
0.19706210242369698
0.19768570458750029
0.19832482386747713
0.19897939105513557
0.1996493323618978
0.20033456939498079
0.2010350191302776
0.20175059399865775
0.20248120186515767
0.20322674600523377
0.20398712520172529
0.20476223372736896
0.20555196132445014
0.20635619331230987
0.20717481057317838
0.20800768953524623
0.20885470229053299
0.20971571658402871
0.21059059580017042
0.21147919909086083
0.2123813813678877
0.21329699329275359
0.21422588141461046
0.21516788816588522
0.21612285185541386
0.21709060681599618
0.21807098340315206
0.21906380799147157
0.22006890313147626
0.22108608755138853
0.22211517615661108
0.22315598019552069
0.22420830726413704
0.22527196130859922
0.22634674279950767
0.22743244873933649
0.22852887266778316
0.22963580484420326
0.23075303225762872
0.23188033863481455
0.23301750463031839
0.23416430783892733
0.23532052280624699
0.23648592122590889
0.23766027195423317
0.2388433410231488
0.24003489184402144
0.24123468522433106
0.24244247938272873
0.24365803015892545
0.24488109103216499
0.2461114131381969
0.24734874548465585
0.24859283497109425
0.24984342640764517
0.25110026273528191
0.25236308504718502
0.25363163260883953
0.25490564308257452
0.2561848525499924
0.25746899553326857
0.25875780522333142
0.2600510135030995
0.26134835096972414
0.26264954716576222
0.26395433060296508
0.26526242878519651
0.26657356844194607
0.26788747555239972
0.26907012497007315
0.26907012497007315
0.26907012497007315
0.26907012497007315
0.26907012497007315
0.26907012497007315
0.26907012497007315
0.26907012497007315
0.26907012497007315
0.26907012497007315
0.26907012497007315
